,Ortalama,Maksimum,Minimum
2022-11-30,84.38925996957872,84.38925996957872,84.38925996957872
2022-12-31,64.26959749617876,64.26959749617876,64.26959749617876
2023-01-31,57.682481034550534,57.682481034550534,57.682481034550534
2023-02-28,55.179828234970564,55.179828234970564,55.179828234970564
2023-03-31,50.50851073917786,50.50851073917786,50.50851073917786
2023-04-30,43.68416980735861,43.68416980735861,43.68416980735861
2023-05-31,39.5853009358633,39.5853009358633,39.5853009358633
2023-06-30,38.21351876469987,38.21351876469987,38.21351876469987
2023-07-31,47.83173331468586,47.83173331468586,47.83173331468586
2023-08-31,58.943533697632056,58.943533697632056,58.943533697632056
2023-09-30,61.52986464671548,61.52986464671548,61.52986464671548
2023-10-31,61.35701107011069,61.35701107011069,61.35701107011069
2023-11-30,63.1685979657725,63.52143365592311,62.769381980302065
2023-12-31,67.1457344891858,67.94110904207025,66.27601726883448
2024-01-31,64.13425685571991,65.34369468092116,62.733891482152785
2024-02-29,63.8374609977584,65.43098459714282,62.039875884428206
2024-03-31,65.08777162905682,67.09542447218706,62.87119438083584
2024-04-30,67.75381164379945,70.04202004079441,65.25347863780043
2024-05-31,74.59339827211484,77.3070165717606,71.62520782292872
2024-06-30,73.26034161885349,76.4831158394276,69.75012979105861
2024-07-31,63.13496156264684,66.69634283466002,59.31104902932341
2024-08-31,54.36896016495889,58.15485392822588,50.32994912582187
2024-09-30,52.25678558040037,56.36451413591735,47.90590444816636
2024-10-31,52.39029248704738,56.87080559053559,47.6682085557633
2024-11-30,51.38103472949884,55.86998712448508,46.66227883081575
2024-12-31,50.93947184173584,55.39631565302399,46.242596908041776
2025-01-31,50.386111311748124,54.822386466818294,45.701265039507575
2025-02-28,50.59201672844613,55.10922841598445,45.82080484204483
